Nostos/AppState.swift:45,46,47,48,49,50,51,52,53,54,55,56,64,179,180,181,208,219,220,290,291,292,293,294,295,296,297,298,299,300,301,302,303,304,305,306,307,308,309,310,311,312,313,314,315,316,318,319,320,349,350
Nostos/DesignSystem/DesignTokens.swift:38
Nostos/DesignSystem/WaveLensLogo.swift:36
Nostos/NostosApp.swift:9,21,22,24,25,26,27,39,45,46,47,68,69,70,71,72,73,74,75,76,77,78,79,80,81,82,84,85,86,87,122,123,124,125,140,141,142,143,144,145,146,147,148,149,150,151,152,153,154
Nostos/Services/DirectoryPicker.swift:14,15,16,17,18,19,20,21,22,23,24,39
Nostos/Services/Organizer.swift:74,75
Nostos/Services/Scanner.swift:17,54,55,56,73,74,151,173,174,175,176
Nostos/Services/ThumbnailService.swift:33,34,35,36,37,38,39,40,41,42,43,92,93,94,98
Nostos/Views/BackupView.swift:4,5,6,7,12
Nostos/Views/DuplicatesView.swift:23,24,25,26,27,211,212,213,256,265
Nostos/Views/EmptyStateView.swift:8,9,10,11,12,13,14,15,16,17,18,19,20,21,22,23,24,25,26,27,28,29
Nostos/Views/GalleryView.swift:106,140,149,150,151,152,153,154,155,255,256,257,284,316,327,328,329,330,331,332,415,438,439,440,441,442,443,444,466,475,620,675,676,677,729,730,732,733,734,735,736,737,755,756,757,758,759,760,777,778,842,843,916,917,943,944,945,946,947,948,973,974,994,995,996,997,998,999,1000,1001,1002,1003,1004,1005,1006,1007,1008,1009,1115,1116,1121,1122,1123,1124,1125,1126,1128,1130,1167,1168,1169,1170,1171,1172
Nostos/Views/OrganizerView.swift:154,161,162,163,164,165,166,167,168,169,170,171,172,173,174,175,176,177,178,201,202,203,204,206,207,208,209,211,212,213,218,219,245,246,247,248,249,252,253,260,261,262,349,350,351,352,353,354,355,356,359,360,361,362,363,364,365,373,374,375,376,377,378,379,380,381,382,383,384,385,386,387,388,389,390,391,393,394,395,396,397,398,399,400
Nostos/Views/ScannerView.swift:42,43
